476 386 6 0
470 386 6 0
464 386 6 0
458 386 6 0
452 386 6 0
446 386 6 0
440 386 6 0
434 386 6 0
428 386 6 0
422 386 6 0
416 386 6 0
410 386 6 0
404 386 6 0
398 386 6 0
392 386 6 0
386 386 6 0
380 386 6 0
374 386 6 0
368 386 6 0
362 386 6 0
356 386 6 0
350 386 6 0
344 386 6 0
338 386 6 0
332 386 6 0
326 386 6 0
320 386 6 0
314 386 6 0
308 386 6 0
302 386 6 0
296 386 6 0
290 386 6 0
284 386 6 0
278 386 6 0
272 386 6 0
266 386 6 0
260 386 6 0
254 386 6 0
248 386 6 0
248 380 0 6
248 374 0 6
248 368 0 6
248 362 0 6
248 356 0 6
248 350 0 6
248 344 0 6
248 338 0 6
248 332 0 6
254 332 -6 0
260 332 -6 0
266 332 -6 0
272 332 -6 0
278 332 -6 0
284 332 -6 0
290 332 -6 0
296 332 -6 0
302 332 -6 0
308 332 -6 0
314 332 -6 0
320 332 -6 0
326 332 -6 0
332 332 -6 0
338 332 -6 0
344 332 -6 0
350 332 -6 0
350 326 0 6
350 320 0 6
350 314 0 6
350 308 0 6
350 302 0 6
350 296 0 6
350 290 0 6
350 284 0 6
350 278 0 6
350 272 0 6
350 266 0 6
350 260 0 6
350 254 0 6
350 248 0 6
350 242 0 6
350 236 0 6
350 230 0 6
350 224 0 6
350 218 0 6
350 212 0 6
350 206 0 6
350 200 0 6
350 194 0 6
350 188 0 6
350 182 0 6
350 176 0 6
350 170 0 6
350 164 0 6
350 158 0 6
350 152 0 6
350 146 0 6
350 140 0 6
350 134 0 6
350 128 0 6
350 122 0 6
350 116 0 6
350 110 0 6
350 104 0 6
350 98 0 6
350 92 0 6
350 86 0 6
350 80 0 6
350 74 0 6
350 68 0 6
350 62 0 6
350 56 0 6
350 50 0 6
350 44 0 6
350 38 0 6
350 32 0 6
344 32 6 0
338 32 6 0
332 32 6 0
326 32 6 0
320 32 6 0
314 32 6 0
308 32 6 0
302 32 6 0
296 32 6 0
328 194
105 240
56 206